6
3
0 0 0
0 0 0
0 0 0
5
0 1 1 1 0 
1 1 0 1 0 
0 1 0 1 0 
1 0 0 1 1 
1 1 1 1 1 
5
0 0 0 0 0 
0 1 2 3 0 
0 2 3 4 0 
0 3 4 5 0 
0 0 0 0 0 
10
5 0 8 1 6 4 9 9 1 4 
5 4 2 4 9 3 8 2 7 6 
7 9 9 0 5 8 6 7 1 3 
1 2 4 0 2 9 0 8 1 0 
3 9 7 6 4 2 1 5 7 6 
7 5 6 7 3 4 6 3 4 5 
9 0 6 1 6 6 3 6 8 1 
2 6 9 0 0 9 0 5 8 4 
5 5 9 0 8 4 4 0 1 2 
3 3 7 7 8 7 4 4 9 2 
50
3 2 2 9 2 2 7 5 5 7 2 6 6 4 6 2 0 0 2 4 4 6 7 0 2 0 2 8 7 0 1 0 0 0 5 6 8 3 8 3 0 7 8 9 5 2 6 1 8 0 
1 8 9 2 5 4 5 4 6 3 8 7 5 6 0 5 5 1 4 9 0 3 9 4 0 4 8 2 8 7 1 9 1 2 2 4 1 3 3 2 8 4 8 6 7 8 0 8 0 1 
3 6 0 9 3 6 4 1 2 8 8 3 8 7 8 9 0 2 6 6 3 3 5 5 2 5 7 3 8 2 7 0 4 8 2 8 1 3 0 7 9 6 9 9 6 7 2 7 7 3 
0 3 1 3 3 1 9 3 7 6 7 1 7 8 8 1 2 6 2 0 6 4 0 1 0 7 6 2 4 8 4 0 3 0 0 8 5 8 7 1 5 9 4 6 8 6 0 5 4 2 
9 4 8 2 6 0 5 6 9 0 0 5 5 0 2 2 6 5 2 2 3 3 7 9 8 6 5 6 9 8 6 0 3 4 2 2 0 6 5 4 8 4 6 0 4 9 9 3 0 3 
4 6 0 0 0 7 8 9 2 3 9 0 9 8 5 5 0 4 9 2 0 0 3 4 6 0 9 8 1 6 6 1 8 9 1 9 5 2 9 9 5 3 9 2 1 5 2 1 4 9 
3 4 3 8 9 9 6 6 8 2 7 1 3 3 4 9 1 4 8 8 0 7 2 6 7 9 8 1 3 8 3 1 9 2 8 0 9 6 0 7 0 5 7 0 4 7 1 8 1 9 
0 0 2 6 9 9 3 2 8 9 6 9 5 0 5 9 0 1 4 5 4 5 6 8 0 2 4 7 3 6 6 7 9 8 2 5 1 2 2 7 1 5 8 1 6 9 5 0 8 3 
5 5 2 4 1 5 1 1 6 9 6 1 1 7 1 4 2 6 8 3 3 0 3 1 0 4 0 0 6 1 7 2 3 0 6 2 1 7 7 4 4 3 2 9 7 4 1 5 3 5 
1 9 0 8 4 2 1 3 9 7 9 7 0 1 7 3 7 6 1 3 9 1 5 7 1 8 6 4 3 3 8 4 8 2 7 8 8 4 2 7 1 0 0 6 9 8 4 5 1 9 
4 5 5 6 4 1 4 8 1 0 4 0 6 2 6 0 9 5 5 9 6 4 2 6 9 1 5 3 3 2 0 6 5 5 0 6 8 9 4 5 1 9 6 8 6 5 3 2 8 1 
4 4 4 8 3 8 7 5 4 5 0 3 4 3 3 2 6 3 7 8 1 1 1 3 6 2 7 9 9 2 5 5 9 6 8 4 0 0 5 2 1 0 8 9 5 5 4 9 1 3 
7 9 4 5 4 7 0 1 6 8 7 7 1 6 7 9 5 4 9 6 3 9 8 1 4 4 1 6 3 5 9 3 8 3 9 2 7 3 8 3 9 1 4 1 5 0 9 9 8 4 
0 9 8 1 2 6 1 7 6 4 0 9 2 5 0 4 4 8 1 4 8 0 5 8 2 2 8 8 0 6 0 2 3 9 8 1 4 3 2 5 9 6 8 1 8 7 4 5 7 1 
8 9 6 7 2 1 2 3 5 4 3 4 2 3 6 6 9 1 6 7 7 4 8 8 1 9 9 8 0 0 4 8 9 6 0 8 0 0 4 8 5 6 0 0 7 7 7 9 7 5 
3 6 7 5 5 4 4 0 9 8 1 9 3 5 2 7 0 9 8 4 8 4 4 3 8 1 0 7 8 2 5 4 1 7 2 0 2 8 6 7 2 8 0 4 2 2 0 9 1 5 
9 4 2 9 7 7 7 7 6 0 5 3 9 1 7 0 1 0 7 1 0 9 7 8 0 8 8 9 9 0 1 2 5 7 2 1 6 0 0 4 1 3 9 7 8 8 1 1 2 8 
8 6 9 6 0 6 8 1 5 7 7 0 8 2 2 7 0 7 8 6 1 4 2 4 4 1 8 4 2 9 2 0 9 5 7 6 1 9 3 7 3 1 8 3 6 8 3 6 0 9 
3 0 7 2 3 1 6 6 8 8 3 2 6 7 6 4 5 5 2 3 6 5 0 9 1 6 5 0 4 9 2 1 3 1 2 8 2 2 3 3 9 4 9 2 1 9 0 7 5 9 
3 3 2 8 6 9 6 9 1 0 2 3 3 6 7 9 7 2 2 9 3 7 6 7 1 6 0 5 1 5 5 6 3 1 9 4 3 1 0 1 2 9 6 4 3 0 5 0 0 4 
8 2 0 1 0 6 9 6 7 0 6 5 6 7 3 7 2 4 9 8 4 1 2 0 7 7 4 5 6 8 4 2 0 3 0 4 8 3 0 8 1 6 8 1 5 5 3 4 3 2 
3 5 0 4 2 9 2 5 2 8 8 6 1 1 3 0 4 7 7 1 6 7 6 6 3 9 8 9 2 8 0 7 8 7 0 2 2 6 2 6 9 5 6 4 0 4 3 3 0 8 
1 6 7 1 2 7 1 5 3 1 0 9 2 8 8 3 9 9 6 4 2 9 1 9 8 0 1 0 5 9 4 7 3 1 4 1 8 7 1 2 5 9 1 4 4 5 6 4 2 9 
4 7 4 9 6 8 8 9 6 5 3 9 2 2 7 5 4 0 3 1 2 8 8 4 5 3 2 5 4 3 1 2 4 1 5 0 9 8 8 6 3 3 6 8 6 4 7 8 2 9 
7 0 2 1 3 9 0 2 1 7 4 1 6 2 2 6 5 5 4 4 4 1 4 3 3 2 0 4 3 5 7 8 0 6 0 4 6 7 0 4 5 1 8 9 4 1 8 3 6 1 
6 6 5 2 2 3 9 9 2 2 3 6 7 4 3 5 6 5 9 7 9 9 7 0 9 1 7 7 1 0 3 4 9 7 5 8 8 9 5 6 0 0 2 8 4 2 0 4 6 3 
9 9 2 6 9 1 9 3 2 0 1 9 5 0 4 7 1 5 0 8 3 6 8 0 5 6 1 4 4 6 8 5 7 7 1 5 2 2 1 0 0 5 3 8 4 4 2 4 3 1 
7 2 8 7 9 9 1 1 8 6 7 2 4 8 3 8 2 6 5 8 4 0 4 7 1 1 8 1 3 5 0 0 7 2 6 2 5 5 6 3 3 5 3 5 6 2 3 1 5 2 
0 3 2 1 5 5 4 7 0 4 8 0 0 1 8 6 8 2 1 6 5 0 4 3 1 7 8 3 6 8 2 7 2 4 8 0 5 9 4 9 4 7 3 7 7 7 2 6 6 5 
0 5 5 8 9 8 4 4 7 3 6 6 5 7 9 2 9 3 9 3 8 8 1 2 4 3 9 4 7 5 5 2 7 7 7 7 6 7 8 1 5 9 6 0 6 7 0 9 2 2 
1 8 0 4 3 5 6 0 9 1 4 1 8 2 1 4 8 3 1 4 1 7 6 2 5 0 8 8 9 4 6 0 4 1 5 5 8 0 5 6 1 1 1 8 9 5 8 8 5 1 
5 7 2 0 6 9 2 2 8 4 9 4 9 8 6 5 7 6 8 9 9 2 6 8 5 9 7 2 1 5 3 0 0 5 7 7 1 4 2 1 6 9 5 9 8 6 4 6 5 9 
9 6 0 8 7 9 9 0 4 0 2 9 2 1 8 1 1 3 9 2 3 5 3 5 8 9 3 2 3 2 1 8 0 1 6 5 6 6 9 1 9 9 2 2 9 2 3 5 9 6 
8 1 8 8 9 4 1 7 0 8 3 5 7 6 6 8 6 3 1 2 3 3 4 9 7 2 5 7 5 9 2 9 3 7 5 2 2 3 7 4 5 1 1 9 1 9 7 3 5 4 
2 2 3 5 2 3 8 3 3 1 8 3 7 7 3 1 1 6 0 3 1 5 6 1 7 0 7 6 0 4 1 9 3 4 7 3 2 0 6 9 4 3 0 3 1 8 8 9 6 0 
0 2 5 5 5 2 0 9 8 1 5 3 1 0 7 3 0 7 9 9 5 6 1 2 9 5 9 2 7 9 5 7 8 2 6 2 2 1 4 7 9 8 2 5 1 0 7 9 3 3 
0 3 6 3 1 4 9 7 7 2 4 5 5 2 5 1 3 6 7 0 6 1 6 2 4 9 9 9 7 3 4 7 7 6 1 1 3 2 9 8 6 5 1 0 9 6 7 0 9 6 
3 2 3 9 8 9 8 9 9 3 2 4 0 7 5 8 5 0 5 3 7 5 3 0 6 5 2 7 9 0 1 5 6 9 4 0 3 5 0 4 1 3 6 2 1 7 4 0 6 8 
6 1 3 9 5 0 7 4 6 3 1 3 2 3 9 1 6 9 3 7 5 7 0 3 3 8 5 0 7 3 7 0 6 7 9 4 9 5 9 3 2 0 9 9 7 7 1 1 2 2 
4 8 1 6 0 7 1 7 6 5 2 7 9 4 5 3 9 6 8 7 8 4 2 6 9 0 6 6 4 1 7 9 4 0 8 4 0 8 0 9 4 5 2 1 8 8 4 7 9 6 
7 3 9 0 6 5 9 7 2 4 6 6 5 3 5 7 7 3 4 2 1 3 9 8 2 6 8 9 0 8 5 1 9 8 1 6 3 2 6 7 3 0 6 0 9 7 2 9 9 2 
1 3 4 2 6 1 2 8 6 9 9 4 4 0 8 6 6 8 0 6 6 7 5 9 3 3 0 9 5 8 3 2 3 6 4 6 3 0 5 4 2 2 8 3 8 0 3 0 4 0 
5 0 5 4 7 5 1 2 7 2 3 9 6 9 8 5 0 0 5 1 1 6 5 1 1 9 9 2 6 5 9 0 4 4 8 7 6 3 5 1 3 7 9 5 0 6 1 5 4 6 
3 9 1 7 7 6 5 3 7 1 5 1 3 1 2 7 5 5 2 9 5 4 5 0 7 8 3 6 9 6 6 5 1 2 1 2 3 2 0 0 8 4 9 1 9 9 3 9 2 9 
3 4 3 4 0 2 1 4 2 3 4 2 6 8 1 4 2 3 7 3 1 1 8 8 7 8 7 2 2 1 1 2 4 1 5 1 6 6 1 7 9 0 5 8 8 7 2 3 9 9 
5 7 7 8 5 7 3 0 0 5 9 0 1 0 9 4 9 5 8 2 3 2 9 1 8 4 3 9 7 6 9 9 6 7 1 9 7 1 4 9 8 8 8 2 0 9 1 6 9 5 
0 1 8 2 5 9 1 3 2 5 0 0 5 5 8 3 0 9 8 0 4 8 8 4 6 0 6 3 2 5 0 6 2 4 6 5 8 5 6 5 9 5 8 5 3 1 4 6 6 7 
7 5 0 2 6 4 8 6 4 7 2 6 0 6 9 9 3 3 1 3 7 8 7 5 7 7 4 1 6 8 2 9 0 0 0 0 6 5 8 7 4 6 2 8 0 9 8 9 0 6 
0 4 6 1 0 4 7 6 2 7 9 1 8 0 3 1 9 5 1 5 4 4 2 8 1 0 7 5 1 8 5 5 6 2 9 0 2 1 6 9 9 3 7 6 0 5 8 7 8 1 
9 0 5 5 4 9 7 2 1 0 4 8 8 2 7 0 2 5 9 1 0 5 2 7 2 7 1 0 1 7 4 6 1 6 7 9 8 7 8 4 8 2 0 5 7 1 0 5 8 3 
100
97 9 79 56 34 73 88 88 96 98 16 13 70 69 61 36 33 73 52 85 11 99 76 29 37 86 91 51 61 92 51 88 33 57 39 78 60 43 99 39 48 70 69 61 14 41 62 89 10 65 80 45 98 6 97 50 72 99 24 45 37 81 7 76 45 91 88 37 49 33 44 15 8 74 13 64 69 54 38 30 67 40 1 81 58 40 96 12 30 8 20 95 89 36 38 96 42 32 83 97 
39 45 39 29 98 91 68 30 36 1 83 15 37 25 83 74 12 65 29 36 38 50 96 7 13 57 30 92 11 15 74 21 94 9 79 77 18 79 46 3 38 65 31 15 23 96 66 39 3 78 36 98 33 72 66 63 60 42 77 31 44 20 83 78 39 20 50 43 77 77 63 31 59 90 8 92 6 69 82 98 32 2 37 21 94 66 44 45 42 53 29 99 11 40 60 4 86 31 11 30 
55 98 67 97 73 85 85 56 74 77 67 37 91 89 4 23 38 5 44 69 28 41 45 70 82 74 55 7 2 25 74 64 7 68 2 90 74 49 46 8 22 95 21 49 59 51 89 66 24 36 12 29 42 59 37 1 73 6 18 30 84 10 67 51 30 26 80 66 82 82 27 32 83 8 8 98 76 97 28 39 86 19 91 47 67 14 96 4 41 61 31 55 47 26 67 56 60 88 13 85 
78 72 11 0 32 82 60 80 39 94 37 82 29 27 24 53 44 14 68 46 13 42 41 64 68 74 64 27 71 47 77 11 62 40 68 40 22 91 74 31 4 43 84 19 67 75 21 77 68 24 8 45 95 97 60 10 79 13 67 68 18 10 13 43 93 1 13 59 8 59 12 22 78 98 17 30 56 59 57 20 96 6 25 71 28 86 68 17 3 35 64 34 91 26 27 19 87 64 75 58 
87 16 35 94 98 17 1 14 55 83 72 21 4 18 5 17 98 82 41 8 53 89 64 34 55 57 29 9 86 32 36 89 99 40 4 91 55 80 14 88 37 0 70 54 95 44 21 59 97 0 55 17 0 22 17 29 49 77 53 90 87 69 57 20 87 87 9 29 66 61 54 60 10 37 91 29 29 95 93 97 25 69 86 6 4 74 97 69 22 69 73 73 45 71 50 11 39 55 12 56 
39 2 63 86 57 3 71 27 23 79 57 78 52 92 10 12 87 14 86 18 93 66 91 76 38 59 76 37 49 90 36 27 69 35 3 10 2 49 14 0 85 0 66 76 61 89 31 39 23 73 22 70 91 71 77 81 70 80 77 31 14 16 0 32 13 18 49 99 79 39 21 64 46 87 18 13 6 20 89 31 12 39 20 27 83 40 66 13 34 82 78 73 13 31 30 97 82 9 24 3 
25 13 26 46 95 99 31 66 48 26 57 95 79 37 11 86 46 2 22 28 82 70 20 3 60 85 45 19 77 59 38 24 87 24 94 4 11 88 35 31 22 26 1 85 71 10 13 95 64 32 13 54 53 43 26 9 75 33 65 97 61 45 46 54 18 39 58 0 31 71 12 23 4 16 26 47 94 70 89 86 60 50 35 23 48 97 99 34 23 44 74 33 15 74 52 71 13 30 16 67 
83 23 25 48 48 37 1 70 9 22 83 47 98 56 88 34 54 25 97 8 76 65 24 1 82 14 44 38 74 54 30 9 18 48 17 60 40 8 25 77 38 60 59 49 84 91 32 92 88 41 87 45 77 88 99 43 27 29 58 2 73 42 62 29 77 46 86 0 80 93 97 98 57 50 93 21 63 78 95 37 49 96 89 82 42 81 79 69 38 76 46 36 63 38 42 37 27 10 39 0 
73 69 83 95 66 12 45 75 22 82 73 13 70 95 3 75 69 29 13 95 30 74 8 96 68 63 61 11 25 63 36 39 66 55 46 34 92 61 24 11 55 13 90 0 99 8 45 63 19 55 15 75 4 72 61 90 15 15 11 0 82 22 85 87 45 83 49 85 83 77 52 81 62 93 7 13 47 34 83 43 35 31 62 59 23 9 3 13 77 77 52 20 39 98 42 30 3 97 54 88 
12 64 38 56 84 26 46 73 47 30 29 64 63 74 67 77 72 25 83 15 65 66 72 95 23 31 79 45 42 18 56 85 43 59 71 30 5 19 97 37 22 18 15 92 59 75 40 19 58 16 30 98 68 88 27 12 19 21 53 60 38 45 79 22 95 89 53 13 80 64 82 94 21 13 85 47 52 74 23 49 82 43 22 83 42 18 41 36 39 33 30 87 38 23 51 17 49 78 74 38 
6 29 55 75 47 24 3 7 78 88 58 37 67 93 21 46 90 49 98 28 82 22 67 61 35 7 29 52 72 79 32 89 54 26 70 47 97 57 78 63 12 12 19 86 95 50 37 15 84 79 86 22 5 77 96 4 57 33 35 84 57 39 81 5 1 48 45 9 91 79 68 94 7 18 77 67 35 58 64 69 41 26 21 22 23 40 2 86 7 9 58 36 87 66 56 75 66 63 99 66 
4 82 83 37 86 59 40 93 17 22 41 77 49 14 23 34 41 25 83 4 33 96 86 6 3 29 68 12 10 17 48 62 4 91 13 76 82 62 75 8 61 78 60 27 71 78 9 0 90 32 57 2 53 61 8 56 37 58 87 46 65 36 8 5 16 89 64 50 66 35 88 96 10 84 24 59 44 98 89 1 23 59 87 79 24 16 74 55 44 16 56 25 70 91 59 79 24 88 58 89 
19 30 14 8 97 66 91 33 79 34 17 53 84 0 16 25 17 54 2 7 68 88 75 23 42 63 49 99 31 29 1 3 29 12 85 70 46 75 32 28 61 91 67 8 40 10 10 42 69 42 10 52 83 56 52 94 68 10 58 54 2 46 76 57 23 20 37 4 8 24 31 14 50 83 89 54 84 70 12 91 31 28 48 34 10 31 83 16 77 7 62 0 25 38 55 39 2 11 67 7 
51 19 57 73 41 73 58 50 31 59 14 84 57 73 63 0 40 18 44 51 72 67 41 97 43 26 86 85 9 79 73 42 76 67 28 14 79 62 17 25 22 13 60 84 75 80 2 67 43 83 60 48 98 84 3 9 24 32 37 23 93 71 84 47 35 93 9 29 7 36 76 44 52 0 6 45 58 29 79 87 19 88 5 10 70 65 57 35 29 3 24 28 45 4 65 24 71 27 84 29 
50 22 78 72 46 17 60 5 14 80 73 52 93 57 36 27 49 26 9 12 74 48 11 33 62 12 74 51 21 20 50 48 67 93 27 84 11 19 78 21 62 74 92 18 45 73 58 5 67 96 33 12 98 37 46 90 84 38 8 34 77 88 85 4 63 32 63 19 20 23 96 5 95 58 48 84 10 48 25 41 95 82 67 11 66 37 89 3 86 6 24 58 54 8 87 34 45 3 58 88 
65 76 70 21 76 61 49 79 85 90 75 83 14 0 17 89 33 73 21 28 24 81 81 70 24 83 66 66 66 78 48 4 61 86 1 84 46 54 3 75 53 68 58 99 11 15 17 26 80 67 32 76 92 74 2 60 88 13 16 7 82 78 37 19 85 53 7 36 53 89 83 8 27 76 12 44 15 34 5 9 7 34 35 44 19 9 77 50 66 27 11 59 92 98 26 85 0 10 90 95 
84 94 27 22 38 77 84 60 94 41 48 91 9 54 87 84 20 86 61 33 1 12 45 4 69 79 49 57 95 48 32 42 99 42 8 60 11 20 41 5 23 68 46 64 3 0 94 64 4 54 42 73 66 20 57 47 24 7 39 33 49 19 31 5 36 52 95 4 26 55 65 28 86 92 63 24 64 71 82 40 98 0 72 2 52 95 71 44 46 48 61 3 67 40 33 99 4 20 90 4 
90 57 87 29 8 65 99 66 56 95 86 23 96 61 35 23 44 10 55 7 94 78 45 4 77 18 4 30 86 55 63 49 63 31 51 27 53 17 18 28 37 64 29 75 2 52 51 42 49 36 33 63 5 83 57 4 94 93 55 84 71 76 12 95 35 76 53 32 24 26 80 44 53 63 13 78 62 29 36 33 32 66 73 66 19 29 56 6 94 97 46 6 94 79 71 37 79 84 37 34 
70 79 49 55 8 72 57 69 25 28 38 77 49 27 27 82 19 92 37 88 79 23 20 56 25 41 38 5 66 11 63 14 74 76 85 5 63 65 29 68 54 34 37 54 47 3 63 68 61 62 94 28 2 26 71 49 76 81 43 97 54 74 39 4 33 62 81 74 70 12 45 50 10 70 49 15 63 74 29 35 79 37 86 7 46 59 38 55 68 99 17 18 23 52 58 23 79 24 27 77 
4 76 5 13 72 9 19 50 24 85 26 77 74 96 5 9 49 65 45 28 29 72 20 8 14 82 22 45 87 62 16 35 65 18 89 35 18 29 57 49 15 71 0 44 61 28 39 89 3 16 33 77 26 18 48 42 59 66 56 92 73 57 37 4 79 56 61 85 36 96 41 73 11 64 48 70 22 68 44 5 97 48 20 94 0 8 93 66 9 34 65 13 26 96 44 76 23 8 33 51 
55 46 13 86 45 57 15 45 85 60 44 51 39 90 79 63 34 83 79 62 45 10 67 4 78 83 59 47 40 50 2 40 47 29 47 55 9 37 64 41 19 96 23 56 96 1 26 15 53 33 66 83 34 44 0 17 64 63 69 80 88 85 74 46 51 7 86 18 82 56 70 56 64 77 37 56 93 97 34 72 85 25 42 49 69 18 79 56 97 59 25 81 55 81 47 83 88 19 33 13 
68 23 59 37 67 50 34 19 77 27 49 8 1 71 32 88 33 39 7 12 29 75 13 52 18 66 91 84 13 50 62 53 33 77 6 83 84 7 35 53 21 66 73 48 13 96 54 59 35 12 98 30 51 92 48 2 45 29 0 69 27 95 76 82 90 86 34 83 13 49 86 65 88 50 20 40 7 67 29 27 71 0 51 74 63 1 14 43 59 53 44 77 69 30 79 84 54 11 17 77 
56 59 4 4 31 12 88 83 76 96 10 61 64 95 46 60 74 38 91 86 45 18 49 70 84 71 71 10 91 42 42 24 57 30 70 18 94 43 56 63 87 44 15 62 27 86 79 60 64 51 59 53 38 96 82 58 60 51 88 18 57 66 81 74 1 64 30 27 12 31 19 86 45 10 62 41 95 87 30 61 88 69 66 94 39 92 30 74 92 77 62 98 69 92 18 57 47 43 30 51 
77 93 55 77 69 10 66 41 29 77 23 8 43 95 88 34 99 34 63 70 81 2 25 79 99 98 89 62 28 62 81 17 70 72 59 16 45 37 74 73 48 93 38 65 96 78 37 1 63 12 32 86 2 25 9 61 10 51 47 93 52 26 59 86 67 40 3 34 1 94 36 90 25 1 63 12 60 12 90 58 35 80 69 14 40 22 11 11 54 15 54 10 30 18 39 90 64 97 15 17 
10 29 95 76 59 64 43 21 19 35 53 3 38 53 58 29 82 45 93 35 45 51 95 25 51 98 63 97 47 72 31 67 48 35 99 23 75 38 64 11 96 67 67 74 25 72 95 0 29 95 49 71 16 10 34 37 10 7 38 11 63 88 11 13 66 50 24 55 53 40 67 28 24 34 41 76 99 75 28 75 85 83 5 0 94 77 84 99 12 27 4 71 82 30 23 63 89 93 46 35 
28 81 41 30 10 10 9 85 93 60 86 26 61 29 23 34 61 90 7 47 97 89 97 59 61 76 56 81 16 21 41 97 97 5 52 34 66 79 81 81 30 55 79 77 77 2 25 25 89 91 81 9 16 66 89 85 51 68 12 86 20 76 17 75 11 45 22 7 82 71 56 11 87 47 36 39 26 13 69 92 43 79 33 61 61 44 17 34 60 42 8 48 17 41 14 6 15 64 18 71 
84 60 69 61 68 20 66 41 76 82 46 24 47 47 38 34 29 18 47 25 54 93 13 57 58 76 36 33 72 22 23 68 40 66 58 85 32 50 27 35 35 13 75 85 76 18 54 46 28 64 12 16 55 49 41 22 7 26 56 2 75 4 71 23 27 19 22 76 63 78 93 57 17 19 46 67 35 76 56 35 69 3 48 65 39 26 94 75 98 38 76 59 40 93 9 52 29 93 25 94 
38 71 86 63 13 56 78 6 15 66 32 90 5 30 20 38 47 76 15 63 8 77 34 57 2 29 1 55 69 43 99 70 21 57 12 28 85 26 55 70 69 27 54 22 0 21 90 97 70 40 3 24 20 17 28 48 26 84 27 52 43 34 8 6 67 60 58 18 37 11 61 30 37 95 42 29 85 65 56 78 29 90 36 80 91 12 96 24 31 91 47 82 93 8 48 4 25 33 27 11 
15 66 48 31 50 66 0 25 4 61 81 55 64 24 41 72 56 57 32 44 94 9 41 6 96 88 47 73 31 87 73 80 0 31 97 49 64 65 12 15 38 17 56 2 74 4 62 32 49 97 6 42 82 95 65 36 39 71 33 89 12 67 95 77 22 19 22 0 28 43 46 55 47 90 43 33 16 17 91 71 50 51 13 80 56 63 31 40 48 35 31 63 20 4 9 45 45 57 36 3 
42 49 18 53 26 79 69 94 37 48 68 95 48 83 81 63 95 28 28 2 23 3 67 49 0 66 83 14 77 82 51 12 37 57 60 73 80 28 22 2 42 8 85 22 3 38 42 31 8 59 30 93 9 7 30 97 48 77 29 30 65 8 48 85 62 5 53 62 20 93 62 80 27 37 46 29 14 71 19 60 59 58 58 75 86 28 45 64 91 26 80 94 97 97 33 83 92 25 95 89 
99 43 77 86 75 35 39 8 26 14 42 61 99 56 85 90 77 21 66 42 42 60 46 62 2 57 20 70 96 75 96 78 44 89 87 46 30 67 36 43 86 43 3 51 41 41 61 71 79 54 15 27 5 56 88 5 16 66 80 46 30 45 18 1 56 56 48 57 62 56 22 97 51 51 24 82 20 2 92 38 63 40 79 82 10 52 18 21 50 90 20 82 73 83 39 54 75 79 44 19 
56 86 31 96 85 69 30 10 97 14 61 58 6 70 73 13 44 82 97 88 53 32 82 83 66 67 82 84 16 2 95 4 99 74 49 42 91 9 9 59 55 89 99 92 27 80 87 22 49 6 95 39 84 13 69 30 0 3 90 60 68 53 18 83 60 59 38 64 81 64 50 56 99 63 60 17 19 82 0 86 26 14 42 62 8 60 53 96 32 90 21 2 94 1 95 2 70 13 84 74 
9 65 71 67 97 65 7 63 50 5 64 12 34 56 72 28 64 13 70 4 69 25 46 50 31 25 75 3 15 33 49 39 32 29 93 94 68 90 52 46 23 16 91 86 54 12 43 67 65 93 87 69 80 99 21 64 90 53 7 71 39 78 47 13 53 10 1 38 93 59 59 72 91 32 97 22 93 88 26 53 67 62 7 14 88 60 50 60 56 90 34 58 11 4 5 66 77 46 77 43 
7 19 40 95 5 44 94 42 48 86 73 23 29 31 63 32 42 56 17 33 53 15 71 19 55 92 35 59 87 53 71 84 39 82 55 61 62 24 26 4 70 69 20 93 52 49 52 51 82 96 26 40 48 56 28 80 54 21 96 36 37 53 66 74 72 84 80 64 33 88 37 65 8 62 50 71 47 18 6 71 71 47 93 53 82 86 16 35 49 27 98 96 23 84 74 66 15 94 75 21 
27 97 4 24 94 52 65 13 95 77 89 92 62 42 87 64 34 52 74 17 35 78 32 25 50 29 74 10 99 7 80 99 27 22 1 47 55 51 80 98 55 50 30 17 98 72 86 52 93 18 80 26 1 71 70 25 94 49 80 30 50 44 84 24 94 15 37 4 39 35 60 23 56 34 55 91 16 89 23 83 54 56 41 34 59 93 37 25 74 79 35 20 77 23 61 34 60 5 17 32 
56 77 83 8 38 8 94 22 7 77 79 75 18 83 93 80 44 65 35 65 79 3 15 75 54 90 97 94 28 63 79 43 36 40 46 57 12 92 37 26 88 45 48 1 96 94 44 77 16 29 53 13 44 49 96 26 77 21 62 52 15 73 29 49 99 53 61 26 30 55 78 19 98 64 8 17 73 66 30 38 92 95 91 16 42 58 87 42 61 14 10 8 40 68 70 29 58 34 89 26 
53 40 3 88 71 66 53 70 5 13 20 12 80 99 70 48 53 77 58 31 51 35 39 49 64 87 69 72 84 69 36 54 17 3 6 91 24 47 25 90 91 2 48 54 11 3 88 63 64 71 50 96 15 76 3 53 90 82 96 31 2 2 31 94 94 13 74 86 71 96 83 27 4 38 83 55 74 1 63 6 35 10 67 55 8 55 33 78 27 18 50 64 64 71 79 50 98 48 95 70 
48 29 99 86 55 43 58 38 81 45 25 73 40 16 14 50 10 54 77 5 91 2 63 31 45 10 71 10 88 35 53 42 14 24 96 91 65 48 3 0 3 81 56 79 84 85 57 70 30 16 31 34 73 22 35 66 42 51 42 49 26 71 0 40 22 23 80 86 29 93 84 9 68 23 87 30 86 55 66 99 96 46 43 20 38 42 26 67 46 80 18 1 48 42 56 34 44 25 70 66 
80 35 63 65 25 39 25 12 67 48 75 97 27 7 41 69 57 7 36 8 70 51 98 44 67 35 37 1 47 63 70 49 30 5 70 76 18 95 4 2 30 96 82 56 0 27 1 39 75 36 57 59 85 43 70 15 35 23 23 53 51 23 33 5 58 79 31 81 46 53 63 28 77 37 54 39 82 62 83 79 79 30 17 64 84 33 66 70 75 52 30 38 37 64 57 55 56 45 40 25 
98 68 94 73 88 29 18 15 34 61 63 53 98 31 9 5 87 88 38 48 56 48 39 8 9 27 59 10 21 72 24 60 89 89 41 71 16 35 8 52 36 3 65 81 64 97 91 97 69 72 50 15 50 51 60 82 62 26 39 32 25 4 39 66 56 62 24 44 57 32 83 90 95 60 62 2 52 60 88 27 63 45 18 49 72 75 38 21 45 28 78 35 12 95 9 35 94 94 19 1 
42 75 71 5 75 33 76 41 10 98 89 16 60 28 70 87 42 46 86 17 38 65 70 57 0 47 90 54 89 50 10 34 16 96 64 76 29 85 45 10 63 1 16 92 41 68 54 81 57 72 42 2 36 98 97 84 20 39 70 53 50 96 38 59 58 39 90 52 37 40 87 41 75 73 91 14 9 78 30 38 21 67 52 44 63 82 85 24 34 28 37 62 79 55 85 43 29 29 37 86 
66 83 8 18 13 24 65 52 97 60 11 88 41 61 55 10 68 97 44 7 18 48 75 46 32 79 88 72 89 97 97 99 9 61 90 13 58 12 57 4 21 48 19 9 2 94 22 78 23 24 0 48 90 49 4 45 56 49 32 88 77 24 59 82 18 14 67 49 62 41 21 43 60 70 32 70 63 48 59 54 55 66 63 78 67 19 9 62 60 72 47 16 37 32 9 98 32 47 22 39 
16 89 72 77 46 48 72 55 89 21 5 19 85 91 20 86 84 96 36 42 71 20 83 4 91 23 68 10 47 91 87 11 88 18 58 50 72 0 81 71 51 52 60 88 88 27 47 80 6 94 71 98 10 90 71 83 28 45 89 87 88 38 74 85 83 27 95 78 86 38 77 80 98 62 28 51 97 67 96 52 48 73 24 12 21 41 22 75 83 52 90 33 67 8 47 29 53 69 63 76 
96 36 34 24 50 14 77 26 39 58 39 49 60 35 45 68 71 29 66 50 97 50 21 88 87 18 50 66 81 66 74 33 28 28 71 72 66 48 71 6 95 17 28 72 66 30 76 92 53 3 82 69 85 87 65 95 41 11 11 73 68 61 40 5 41 45 24 8 83 52 78 55 37 83 99 41 67 86 99 39 82 37 94 76 69 85 69 4 80 60 6 14 13 31 5 20 41 44 9 4 
76 23 95 37 28 24 36 60 3 5 53 72 99 42 46 70 9 18 15 61 13 64 95 5 61 6 46 74 0 12 26 20 94 72 84 20 89 72 71 57 21 73 49 56 67 79 94 69 46 65 82 55 72 83 50 14 32 25 69 66 75 97 59 99 28 19 42 7 63 88 21 44 42 17 29 27 7 14 46 79 88 55 82 42 48 41 96 96 13 72 51 34 86 39 4 6 43 29 30 75 
19 55 16 52 61 42 32 52 98 34 90 57 86 91 59 13 85 23 3 61 72 8 29 48 36 11 9 93 43 13 42 69 16 57 2 66 15 67 98 9 9 59 66 47 1 57 57 66 56 8 61 71 83 40 77 85 58 44 70 96 39 27 36 66 3 3 9 26 80 88 31 8 0 34 58 81 28 45 48 99 89 36 72 39 91 84 65 92 40 99 32 75 51 4 38 53 56 64 47 56 
71 9 68 62 86 66 39 42 44 32 44 13 36 76 22 68 51 73 96 83 61 62 53 5 8 55 6 17 2 8 10 68 48 19 79 87 44 60 23 68 61 97 81 16 39 23 77 80 56 46 5 76 89 51 78 51 42 4 27 13 97 28 8 25 76 45 65 39 37 74 48 49 66 73 36 48 65 5 91 81 77 23 62 60 21 10 32 29 60 84 57 34 87 11 32 13 27 64 94 5 
54 6 92 94 87 30 75 52 72 38 95 0 88 32 98 59 5 45 21 75 79 42 83 12 41 77 53 2 80 94 31 15 74 40 25 67 61 54 71 46 40 75 69 17 73 18 13 37 16 58 35 81 23 34 27 11 86 71 97 49 56 1 42 27 70 90 57 51 64 9 93 12 42 88 45 64 90 0 39 54 87 9 13 54 51 64 4 34 72 31 35 29 15 93 93 78 66 66 54 48 
47 69 7 71 74 15 34 65 68 43 72 81 73 56 42 92 3 45 34 54 7 60 19 76 91 24 10 0 49 7 27 48 99 20 51 14 55 22 67 55 81 22 76 19 55 17 24 9 56 0 34 80 56 87 21 4 63 60 91 0 92 78 68 60 52 26 19 3 30 36 85 31 73 93 43 44 36 39 14 42 62 70 50 90 75 38 57 50 9 77 62 88 62 6 56 12 45 29 13 32 
98 45 17 6 0 56 69 32 45 31 76 11 80 97 31 32 43 96 64 70 90 97 53 74 16 79 17 19 22 51 64 71 52 34 3 9 85 20 15 31 34 60 30 59 75 80 25 60 64 77 88 40 33 54 19 39 1 50 90 19 40 87 32 86 76 78 35 63 64 40 3 20 10 58 40 16 91 52 77 92 0 90 30 56 11 91 20 3 22 93 99 62 23 18 13 85 73 54 86 71 
46 52 90 57 42 85 86 60 71 31 97 22 0 70 39 65 3 33 12 86 38 18 85 93 74 63 35 78 7 92 10 60 47 33 37 28 85 94 0 28 71 76 63 76 11 17 41 4 26 79 19 11 38 25 34 72 2 54 58 43 36 90 12 7 54 74 95 26 88 0 94 40 88 27 17 51 95 92 17 29 43 41 93 8 30 77 15 47 86 3 6 98 33 40 13 12 32 75 19 46 
54 48 97 3 26 33 69 82 8 14 96 12 51 11 58 39 49 98 16 49 87 99 39 25 37 56 16 59 84 49 63 22 48 40 83 79 24 89 89 39 35 99 53 85 62 90 30 37 84 40 6 36 33 77 45 49 5 56 36 19 23 55 45 20 21 78 81 14 3 35 87 28 44 92 47 91 87 57 29 73 50 84 67 46 27 82 12 25 56 48 43 49 0 93 83 81 18 90 32 41 
18 55 34 26 98 0 88 67 83 72 72 53 88 37 33 40 17 68 65 51 96 98 84 30 8 12 96 45 39 30 59 80 38 78 66 81 18 87 31 33 13 4 9 55 25 3 50 62 52 42 54 89 89 40 91 88 47 71 96 56 75 16 69 38 66 47 19 73 43 18 84 97 14 0 22 56 82 83 84 15 28 45 33 76 92 33 11 7 56 38 67 30 75 96 84 9 15 11 29 89 
78 48 99 87 29 20 89 40 71 32 82 49 76 39 84 80 17 66 74 61 51 97 89 14 46 40 7 3 9 69 64 87 79 29 48 47 11 1 28 59 91 74 71 6 5 90 29 77 99 18 91 4 54 73 6 33 49 18 25 21 71 29 56 89 61 73 51 44 20 58 13 69 2 89 97 75 63 81 46 11 67 33 91 46 26 37 66 75 8 93 8 47 6 75 5 92 96 89 76 31 
51 19 58 61 54 90 51 4 5 69 53 93 5 19 48 17 6 6 10 68 98 58 71 21 89 76 75 60 81 80 7 16 48 21 6 65 84 16 77 56 59 60 29 76 19 73 55 66 0 6 16 8 87 96 50 35 69 39 63 96 36 75 44 91 57 15 65 43 59 32 31 85 30 70 54 44 12 26 52 28 96 43 57 94 4 91 93 32 69 84 63 38 40 32 36 99 31 61 10 31 
65 1 21 61 62 21 39 21 38 30 63 61 51 69 10 63 97 15 96 13 54 12 4 60 26 41 45 10 69 0 47 35 14 11 3 77 38 55 30 67 10 74 61 71 97 42 45 56 5 9 75 26 63 66 15 39 53 50 20 38 69 46 51 94 43 14 13 41 51 19 34 77 67 1 32 55 41 40 36 78 29 4 59 11 42 35 86 23 6 65 90 24 11 34 90 19 76 91 8 21 
0 78 64 16 1 51 14 61 28 11 85 44 20 92 58 24 40 85 75 95 57 28 97 60 76 65 5 91 32 81 54 64 58 66 22 88 2 61 57 57 81 85 66 37 27 62 33 76 87 94 41 77 69 71 71 89 24 61 62 26 84 21 4 76 73 69 85 29 76 94 99 62 93 4 78 72 18 97 93 96 51 85 71 91 99 52 87 9 86 85 30 12 31 73 91 47 64 51 25 83 
91 42 87 54 99 19 88 6 20 42 64 4 3 27 23 98 90 97 0 6 67 77 77 4 62 63 65 86 27 51 78 94 36 90 89 91 76 63 98 99 17 35 52 68 96 99 16 94 47 21 20 49 14 58 36 96 88 79 92 57 63 53 17 77 94 21 84 22 8 75 7 43 51 78 47 44 50 57 2 11 61 5 70 62 80 59 5 18 14 67 19 75 84 53 8 81 39 43 6 47 
50 43 47 1 87 98 55 75 60 37 1 84 17 52 86 89 92 88 50 67 67 37 73 46 5 60 21 62 28 92 66 85 35 0 46 11 48 88 63 91 66 20 97 23 90 66 56 25 19 66 97 15 65 60 36 88 51 93 22 44 51 37 92 78 34 52 68 7 79 31 6 74 45 97 6 98 77 75 84 24 36 60 44 97 17 37 67 14 54 84 45 86 52 37 60 84 60 57 41 98 
87 75 38 93 81 5 76 26 2 72 86 52 93 78 86 59 21 27 10 84 17 73 21 54 99 13 67 84 64 47 26 60 30 93 26 36 1 91 92 19 44 8 98 66 79 77 46 11 69 18 57 45 20 81 46 78 15 16 51 42 75 65 81 41 28 56 86 78 38 83 96 28 40 32 5 9 92 56 54 66 41 94 16 3 84 76 51 31 48 22 37 46 60 67 99 20 59 60 18 17 
32 17 1 43 17 50 1 43 4 91 33 12 71 68 43 76 37 64 30 17 75 39 65 67 28 53 5 54 84 65 2 63 61 42 56 22 28 69 3 50 58 74 39 1 26 79 78 73 78 35 78 79 24 68 60 30 27 36 53 31 65 92 3 53 52 85 99 58 80 50 40 0 75 38 96 24 56 28 41 22 84 88 55 31 50 4 88 47 12 71 33 43 82 88 31 75 63 86 76 15 
74 91 58 47 15 30 24 42 38 78 36 71 70 68 85 55 62 71 39 18 16 26 99 86 39 65 83 68 31 94 93 60 33 43 87 32 77 39 43 19 3 85 84 19 25 29 60 68 99 22 47 27 74 82 5 92 31 60 3 62 67 72 92 99 39 22 65 82 69 0 41 23 79 37 83 88 81 41 5 26 18 4 98 78 31 30 2 96 78 40 16 35 88 56 12 2 61 8 90 15 
41 61 35 22 12 79 87 84 41 48 38 89 2 89 59 94 75 70 73 3 25 66 28 20 17 34 24 82 29 38 1 29 46 78 43 92 7 54 94 0 17 41 16 48 60 50 78 88 61 50 72 21 72 60 1 73 55 67 34 83 95 80 22 13 83 56 46 72 63 98 86 84 94 52 60 4 24 49 86 56 57 31 46 62 10 40 5 98 5 31 77 89 70 96 57 39 53 10 29 11 
98 44 25 99 0 97 20 26 13 81 65 50 72 48 43 5 88 17 62 54 84 8 21 19 55 8 29 3 35 96 70 57 88 83 61 3 66 1 50 48 75 31 10 38 86 50 43 4 77 0 43 90 44 64 34 95 6 3 44 16 47 87 51 98 38 3 53 98 69 31 32 78 12 17 33 11 54 28 58 9 10 56 68 2 44 6 16 43 38 26 86 11 13 98 82 86 36 20 81 9 
89 35 16 62 85 14 62 46 5 22 68 13 6 49 72 78 89 22 0 92 59 51 57 45 34 89 9 48 1 79 68 52 13 6 17 78 13 95 5 71 42 80 50 76 10 36 73 54 86 9 48 74 30 49 74 19 50 65 75 45 38 51 92 54 5 46 14 43 2 58 23 38 42 63 46 93 90 3 38 58 52 78 25 88 39 81 69 96 8 8 88 9 78 37 44 5 2 74 21 77 
52 1 22 47 57 78 97 98 5 33 15 33 10 14 59 76 29 41 94 87 29 17 56 8 74 64 64 39 16 47 85 4 52 12 23 53 10 73 12 61 72 99 37 44 93 51 47 8 37 84 78 23 40 25 86 14 74 56 9 17 62 3 14 16 18 41 3 2 33 77 29 55 98 7 14 75 36 99 47 65 55 22 67 57 14 54 52 66 45 97 13 15 33 25 52 40 85 35 12 52 
35 65 22 88 48 20 11 66 20 14 53 27 30 0 91 61 91 99 58 10 79 68 33 97 28 10 7 46 14 67 56 52 60 53 25 72 41 34 40 5 97 62 88 78 38 89 60 27 22 33 74 92 30 40 37 14 20 92 55 32 60 6 85 37 64 6 80 90 26 2 94 71 94 21 43 69 8 21 36 99 99 6 1 61 35 85 78 4 57 94 68 71 96 49 69 97 73 95 18 60 
2 75 47 25 44 14 76 61 64 25 94 8 19 52 11 72 60 32 54 57 26 73 19 6 57 88 91 2 58 8 42 4 34 29 60 87 90 42 6 10 81 88 89 72 22 43 68 15 61 40 83 14 55 39 78 47 68 41 82 17 93 10 18 47 70 5 6 93 13 52 89 16 32 30 99 93 87 66 73 16 86 29 95 75 45 43 50 76 9 58 92 54 62 40 13 49 17 70 8 99 
69 68 45 75 40 59 79 64 35 53 92 5 2 80 72 87 76 13 36 78 51 14 52 81 22 86 23 41 76 20 37 13 21 91 90 59 58 52 65 28 25 44 55 12 69 68 45 88 27 94 38 5 90 46 6 50 5 80 80 25 2 44 15 66 5 67 76 39 93 8 13 15 94 96 56 41 8 33 89 32 59 1 58 17 48 21 50 36 14 99 12 71 76 93 77 39 2 91 87 24 
10 92 91 7 50 72 29 66 95 40 34 96 36 34 59 6 66 63 28 64 30 62 15 20 34 83 11 36 60 96 71 26 33 27 19 9 76 16 97 93 25 84 91 8 61 34 40 35 15 64 32 47 72 38 18 80 71 87 81 45 74 32 76 93 73 33 29 9 61 84 55 68 91 17 16 83 82 56 99 5 17 5 7 18 1 1 75 66 71 7 7 73 77 58 82 45 35 90 73 51 
68 9 97 73 72 59 85 91 84 64 67 20 88 65 39 64 17 9 15 96 11 10 85 50 40 78 70 1 46 7 16 63 38 2 78 25 41 87 54 18 31 2 36 84 69 16 5 56 63 62 63 52 59 85 99 90 12 41 14 86 91 87 4 92 14 52 90 11 58 76 63 73 54 59 2 9 24 27 26 85 52 2 5 27 2 54 77 94 17 42 60 96 45 62 35 43 49 94 21 57 
10 91 32 52 98 98 57 38 72 93 4 32 75 91 99 45 57 0 99 18 46 85 50 27 41 93 87 36 70 72 27 89 37 62 34 99 42 68 61 88 58 71 97 93 28 93 99 2 95 31 93 33 72 87 26 79 71 67 22 15 10 78 28 72 76 16 51 17 11 20 38 79 85 47 3 88 17 22 91 97 77 20 4 69 2 43 94 23 46 0 82 4 77 81 8 6 51 2 20 60 
69 58 44 31 46 67 44 20 52 36 94 64 59 34 22 72 57 25 28 0 6 69 61 54 86 92 56 95 9 2 58 66 19 58 68 4 56 6 83 15 85 70 91 77 80 65 57 75 24 86 67 19 81 81 34 30 26 72 86 42 55 23 31 64 73 13 32 57 92 1 3 15 41 5 68 41 44 38 99 98 72 20 79 25 20 36 57 56 60 87 83 61 21 37 89 66 84 90 21 24 
82 83 6 85 56 0 40 36 9 36 22 81 4 2 36 37 2 95 1 36 25 55 60 30 58 40 27 39 44 1 56 3 17 44 35 76 1 91 87 41 88 71 12 83 69 17 6 6 61 48 56 66 64 0 99 30 42 61 24 1 20 39 87 35 74 5 54 58 24 59 57 10 24 84 43 17 87 63 89 87 53 82 61 58 30 92 14 49 78 52 78 26 21 39 32 24 92 16 75 54 
83 98 30 61 11 10 34 83 85 15 85 5 95 74 32 11 15 81 83 6 90 63 32 7 27 81 73 49 96 20 58 39 3 46 82 51 69 77 85 33 64 58 26 92 59 34 73 46 50 95 16 63 93 4 78 20 93 26 92 24 37 54 79 78 91 87 26 8 79 46 48 71 35 90 12 44 8 29 69 3 43 36 24 14 28 14 28 32 15 9 4 31 92 20 99 19 21 12 4 95 
72 67 91 89 79 89 4 97 62 91 82 74 8 90 83 56 90 62 2 29 30 14 53 23 24 45 56 65 77 61 89 78 46 23 94 66 87 75 32 86 99 45 65 70 66 16 1 57 4 39 44 13 50 65 51 24 26 85 75 6 20 18 58 27 78 55 57 67 56 78 89 56 52 46 15 93 12 55 50 57 77 37 74 77 90 35 10 25 42 93 93 16 14 12 49 47 47 1 24 8 
93 12 4 15 84 6 10 25 16 58 2 27 82 8 64 33 11 7 6 24 11 12 32 56 66 82 68 82 46 60 27 29 7 65 35 47 41 38 80 39 86 85 65 80 11 97 2 77 44 42 15 19 94 50 30 10 21 12 85 76 34 24 11 86 54 35 8 0 31 77 35 59 75 44 7 97 79 11 57 60 62 79 77 11 42 76 37 78 34 67 38 12 21 82 34 90 25 36 46 61 
51 91 5 64 39 56 64 59 63 18 11 20 81 2 64 40 0 21 55 15 66 86 62 8 11 17 73 38 89 56 5 88 57 9 28 20 9 48 72 21 58 19 2 79 52 71 84 82 99 9 34 95 20 21 56 86 29 73 53 46 85 97 40 39 92 50 66 9 25 96 31 74 57 69 8 14 71 95 42 12 32 93 8 12 5 4 90 71 95 91 48 18 30 37 5 79 61 66 90 68 
1 53 42 41 35 56 99 89 75 93 72 79 79 88 24 47 37 12 95 22 16 70 48 78 48 67 87 39 23 2 24 89 23 50 35 87 65 61 53 19 72 25 11 36 79 70 46 68 39 28 35 73 89 6 24 34 66 24 70 57 95 65 40 16 83 96 8 44 75 27 0 10 13 36 28 68 61 75 54 58 12 53 42 90 73 56 63 81 88 87 38 71 85 23 90 76 86 77 23 16 
80 58 19 80 55 9 22 34 44 36 8 95 23 94 76 11 13 71 71 4 59 80 43 22 24 72 10 23 71 95 78 7 57 55 38 74 98 76 60 61 5 48 52 37 89 75 1 42 12 31 63 3 99 75 65 58 36 37 88 23 23 57 0 24 5 9 64 20 77 14 40 44 47 32 14 29 93 60 78 59 67 12 75 2 31 53 21 59 66 37 56 1 98 88 80 80 49 44 59 33 
40 6 25 52 27 70 2 39 64 62 97 44 62 15 91 8 24 5 21 77 18 53 30 65 59 51 12 91 32 76 30 83 40 88 79 53 60 8 41 51 69 0 51 80 72 39 75 83 49 3 46 99 87 59 43 78 79 58 55 41 63 18 33 56 5 0 29 87 55 86 1 4 49 10 65 18 98 77 43 9 23 96 73 50 58 93 9 89 1 34 97 18 33 41 9 61 2 67 5 98 
40 71 7 59 88 69 93 15 63 48 23 19 66 79 80 58 38 87 57 67 46 77 62 46 31 82 76 26 40 52 30 97 2 91 96 92 73 36 93 31 48 0 31 69 5 88 9 87 96 67 36 34 74 2 70 84 65 67 7 31 2 68 0 34 54 38 54 3 37 75 51 94 92 45 92 98 13 76 34 5 20 87 68 95 84 30 77 97 2 90 86 43 9 70 4 27 63 97 51 76 
47 3 21 35 56 20 84 68 97 2 65 47 25 99 35 81 16 31 67 53 35 3 50 52 61 58 96 64 58 46 38 15 84 75 22 91 27 92 0 25 9 74 5 55 48 9 28 74 55 52 93 88 75 84 81 28 93 44 69 71 86 32 14 79 31 95 69 67 83 21 49 70 75 9 26 71 52 95 87 72 21 17 37 73 31 11 13 32 17 53 75 11 56 52 97 77 17 76 16 69 
89 64 54 23 57 70 99 76 90 20 3 64 77 63 84 22 30 20 60 44 86 52 3 11 32 8 50 41 6 8 78 9 71 72 86 56 63 29 62 49 37 81 82 90 28 37 15 45 93 73 20 31 60 21 3 8 37 23 21 55 73 66 67 37 13 89 3 28 6 74 82 48 62 1 79 10 18 31 44 91 32 0 40 79 38 53 29 74 16 54 38 55 99 59 99 67 50 24 76 20 
74 2 59 59 88 32 98 71 30 18 85 80 46 53 79 26 61 47 27 81 4 16 49 96 39 85 54 88 83 44 88 64 26 20 30 76 64 18 91 74 56 45 49 99 95 82 51 65 13 87 19 72 30 17 78 91 54 47 41 57 64 45 77 12 98 81 89 25 30 4 94 72 97 4 47 42 29 97 15 76 45 30 48 97 45 29 37 68 83 26 38 67 4 19 62 36 0 51 69 38 
49 89 91 35 93 4 89 71 85 5 79 54 21 15 97 70 90 89 82 11 35 84 22 81 71 87 7 96 14 73 34 53 6 6 83 91 23 92 86 15 30 71 3 89 46 54 12 12 65 88 58 20 94 59 1 33 58 60 28 99 64 32 13 4 80 45 48 86 44 28 10 78 18 57 91 15 64 43 72 79 25 51 83 18 51 71 16 93 17 51 57 14 47 62 32 69 40 29 87 18 
15 88 1 95 25 54 99 25 90 19 53 62 50 60 66 83 6 10 5 99 51 27 74 57 34 74 21 90 9 71 81 72 41 21 67 76 88 79 67 63 53 65 99 27 45 29 28 73 32 54 42 60 61 56 76 68 38 56 70 15 40 81 88 20 97 90 12 31 35 10 48 61 48 10 18 36 6 66 3 5 9 19 97 55 66 62 37 67 79 41 5 62 36 30 22 22 68 68 72 73 
81 58 76 34 84 25 18 94 16 5 13 46 56 67 40 34 15 2 22 1 16 8 16 18 99 18 10 54 78 42 51 54 67 87 4 56 9 94 40 37 20 76 25 86 70 40 74 47 8 91 72 99 18 13 93 38 46 5 59 47 90 72 49 58 92 66 33 13 74 45 22 9 50 38 54 31 19 57 99 51 40 41 77 45 56 56 91 15 91 16 63 19 45 2 3 45 45 50 45 50 
43 87 1 53 97 12 34 42 78 83 14 2 59 25 47 43 83 18 30 49 70 99 93 8 22 85 43 38 37 27 38 99 17 35 82 19 9 9 48 99 31 25 21 64 11 10 36 81 19 22 30 36 10 32 41 71 42 84 34 34 73 78 27 39 40 89 99 89 91 41 24 38 67 35 83 65 25 56 50 3 95 5 43 79 60 57 43 83 32 75 9 33 81 46 7 44 95 22 22 84 
39 45 42 11 54 81 64 72 24 24 44 4 79 78 53 52 64 41 87 10 93 47 30 3 44 35 92 32 7 53 49 63 72 19 98 89 27 72 60 58 22 29 85 1 84 1 76 29 17 49 9 34 1 31 59 52 38 46 41 48 40 46 82 52 3 58 68 70 67 95 32 63 23 19 63 62 30 10 28 23 75 67 61 92 71 3 59 51 97 69 98 20 65 10 51 81 63 83 12 96 
25 83 74 31 20 2 41 43 40 86 57 81 87 54 43 72 60 52 86 81 74 31 55 95 94 0 54 52 13 44 6 35 30 47 79 6 1 47 39 51 15 24 76 57 89 19 39 18 67 13 35 58 52 45 52 79 84 12 54 31 1 52 75 73 50 7 39 39 5 85 53 16 94 92 31 69 8 8 81 26 61 94 96 98 69 25 81 90 59 59 11 94 66 47 89 81 24 99 11 52 
68 77 67 52 26 7 99 79 29 20 18 43 21 19 28 89 53 42 14 69 22 59 21 83 72 30 5 18 36 36 17 63 12 74 10 60 99 96 93 45 96 91 76 6 68 89 51 54 21 32 71 12 14 83 76 77 40 96 28 97 76 5 15 1 86 92 60 28 8 32 51 64 72 78 5 35 93 51 21 91 53 24 24 67 50 36 68 91 50 37 44 82 5 74 55 61 61 7 46 95 
22 29 19 71 49 4 95 74 97 94 58 94 80 9 58 33 55 12 89 78 33 38 23 57 30 92 95 41 99 60 12 91 52 85 68 4 40 17 60 15 88 52 15 96 94 40 7 64 24 42 95 26 86 78 48 61 61 13 86 11 52 82 19 62 46 3 5 33 85 30 23 41 81 8 10 68 77 95 57 34 63 6 75 26 25 65 54 20 82 44 76 40 33 33 37 73 34 4 68 39 
11 14 59 85 65 83 28 52 99 52 38 4 49 61 83 8 21 4 55 8 54 94 84 72 74 6 96 80 10 83 96 98 39 1 94 35 3 51 17 54 24 79 0 18 68 42 40 34 74 26 18 90 76 25 60 51 66 48 30 55 14 12 89 62 76 55 99 31 32 23 26 55 73 42 73 11 48 61 31 41 73 55 23 18 58 72 51 57 26 39 65 57 27 79 51 82 59 33 62 69 
27 59 37 39 89 99 39 69 52 43 74 33 98 79 98 27 9 52 69 41 93 88 4 31 37 13 82 48 43 86 55 25 77 64 28 22 74 73 57 30 57 91 87 82 16 15 55 75 55 88 30 24 96 26 99 45 35 89 82 18 13 27 62 2 38 53 46 96 53 45 39 87 11 85 85 32 56 6 90 72 92 20 43 62 22 53 17 83 25 28 83 21 5 63 19 85 77 18 34 84 
8 26 44 52 68 86 83 98 69 57 43 79 88 64 86 51 84 25 80 85 85 93 18 57 18 30 10 14 66 99 2 16 79 56 50 56 91 29 63 29 96 67 74 12 86 81 68 19 50 63 87 43 92 28 81 57 37 92 36 81 54 45 61 54 98 0 12 53 18 62 36 45 37 32 91 42 38 42 65 65 11 14 18 32 9 85 69 63 73 42 43 65 29 20 83 2 83 52 6 13 
58 14 14 2 47 8 83 91 1 63 50 26 52 87 6 53 62 33 43 81 63 67 64 32 19 58 44 30 49 6 85 93 30 87 9 28 74 12 56 33 11 9 97 43 12 85 97 90 59 15 29 88 30 47 80 68 58 81 80 81 30 10 55 73 91 68 29 82 56 23 64 65 3 19 44 21 56 8 20 47 45 51 21 0 59 27 17 10 25 16 99 62 86 11 69 49 8 46 18 65 
18 49 77 67 26 9 61 11 39 48 19 48 72 42 77 32 22 78 21 50 2 4 69 22 35 81 31 4 54 31 16 46 83 59 81 75 99 76 54 24 6 62 91 36 67 67 87 6 50 64 18 31 81 63 94 45 82 92 58 12 8 70 95 62 56 16 42 8 19 63 22 47 29 97 42 44 31 82 74 44 31 82 18 55 96 91 74 51 62 41 16 59 59 95 63 56 76 44 14 44 
21 86 69 1 31 65 65 20 71 87 25 7 79 87 80 68 80 28 14 95 60 51 91 58 3 79 57 7 61 63 60 73 46 10 58 78 64 7 33 0 36 63 30 91 59 27 8 11 52 60 8 39 91 42 45 37 7 5 79 94 63 22 96 12 78 77 59 6 37 22 5 76 50 66 40 64 2 50 93 40 61 22 57 77 93 31 60 79 48 37 67 2 19 97 18 61 8 10 35 81 
50 6 48 56 8 98 7 57 90 29 73 99 38 83 26 42 90 93 67 22 41 84 87 19 25 90 6 71 32 2 14 6 22 16 88 3 46 41 15 48 63 32 3 83 49 36 78 38 35 32 41 20 47 97 41 37 68 3 88 20 92 99 96 50 70 3 24 98 77 18 16 75 54 53 51 78 2 10 40 0 72 80 12 50 61 40 59 79 25 27 8 30 97 56 74 53 30 47 44 45 
